shape_id,shape_pt_lat,shape_pt_lon,shape_pt_sequence,shape_dist_traveled
M1-0,41.155527,-8.672064,1,0.0
M1-0,41.155642,-8.671768,2,27.9
M1-0,41.155688,-8.671650,3,39.1
M1-0,41.155703,-8.671613,4,42.6
M1-0,41.155718,-8.671574,5,46.3
M1-0,41.155733,-8.671539,6,49.7
M1-0,41.155810,-8.671348,7,67.8
M1-0,41.156097,-8.670618,8,136.8
M1-0,41.156110,-8.670583,9,140.1
M1-0,41.156145,-8.670495,10,148.4
M1-0,41.156194,-8.670369,11,160.3
M1-0,41.156204,-8.670343,12,162.7
M1-0,41.156277,-8.670156,13,180.4
M1-0,41.156606,-8.669320,14,259.5
M1-0,41.156627,-8.669268,15,264.4
M1-0,41.156648,-8.669213,16,269.6
M1-0,41.156663,-8.669176,17,273.2
M1-0,41.156713,-8.669052,18,284.9
M1-0,41.156763,-8.668923,19,297.0
M1-0,41.156804,-8.668816,20,307.1
M1-0,41.156819,-8.668776,21,310.9
M1-0,41.157345,-8.667442,22,437.1
M1-0,41.157383,-8.667341,23,446.6
M1-0,41.157429,-8.667224,24,457.6
M1-0,41.157441,-8.667195,25,460.4
M1-0,41.158077,-8.665579,26,613.3
M1-0,41.158091,-8.665544,27,616.5
M1-0,41.158124,-8.665459,28,624.6
M1-0,41.158171,-8.665339,29,635.9
M1-0,41.158356,-8.664865,30,680.6
M1-0,41.158366,-8.664838,31,683.2
M1-0,41.158379,-8.664806,32,686.2
M1-0,41.158394,-8.664766,33,690.0
M1-0,41.158404,-8.664740,34,692.4
M1-0,41.158457,-8.664612,35,704.7
M1-0,41.158561,-8.664343,36,730.0
M1-0,41.158638,-8.664147,37,748.5
M1-0,41.158753,-8.663856,38,776.1
M1-0,41.158870,-8.663561,39,804.0
M1-0,41.158881,-8.663530,40,806.9
M1-0,41.158902,-8.663471,41,812.4
M1-0,41.158956,-8.663335,42,825.3
M1-0,41.159193,-8.662734,43,882.2
M1-0,41.159401,-8.662208,44,931.9
M1-0,41.159469,-8.662033,45,948.4
M1-0,41.159692,-8.661464,46,1002.1
M1-0,41.159741,-8.661342,47,1013.8
M1-0,41.159962,-8.660776,48,1067.2
M1-0,41.159987,-8.660715,49,1073.0
M1-0,41.160049,-8.660552,50,1088.3
M1-0,41.160077,-8.660479,51,1095.2
M1-0,41.160128,-8.660351,52,1107.4
M1-0,41.160138,-8.660326,53,1109.7
M1-0,41.160155,-8.660284,54,1113.7
M1-0,41.160171,-8.660243,55,1117.5
M1-0,41.160184,-8.660211,56,1120.6
M1-0,41.160195,-8.660182,57,1123.3
M1-0,41.160246,-8.660054,58,1135.4
M1-0,41.160311,-8.659886,59,1151.3
M1-0,41.160348,-8.659798,60,1159.8
M1-0,41.160358,-8.659772,61,1162.2
M1-0,41.160531,-8.659335,62,1203.6
M1-0,41.160542,-8.659307,63,1206.2
M1-0,41.160612,-8.659122,64,1223.6
M1-0,41.160626,-8.659084,65,1227.1
M1-0,41.160724,-8.658837,66,1250.5
M1-0,41.160837,-8.658543,67,1278.2
M1-0,41.160848,-8.658516,68,1280.7
M1-0,41.160906,-8.658366,69,1294.9
M1-0,41.161028,-8.658071,70,1323.1
M1-0,41.161050,-8.658030,71,1327.3
M1-0,41.161177,-8.657799,72,1351.2
M1-0,41.161780,-8.656638,73,1469.5
M1-0,41.161801,-8.656614,74,1472.6
M1-0,41.161850,-8.656529,75,1481.6
M1-0,41.161873,-8.656501,76,1485.1
M1-0,41.161849,-8.656433,77,1491.4
M1-0,41.161885,-8.656363,78,1498.5
M1-0,41.162200,-8.655752,79,1560.6
M1-0,41.162235,-8.655688,80,1567.2
M1-0,41.162291,-8.655580,81,1578.2
M1-0,41.162333,-8.655499,82,1586.4
M1-0,41.162313,-8.655378,83,1596.8
M1-0,41.162292,-8.655253,84,1607.5
M1-0,41.162185,-8.654616,85,1662.2
M1-0,41.162002,-8.653537,86,1754.9
M1-0,41.161973,-8.653166,87,1786.2
M1-0,41.161898,-8.652688,88,1827.0
M1-0,41.161890,-8.652642,89,1831.0
M1-0,41.161879,-8.652582,90,1836.2
M1-0,41.161786,-8.652230,91,1867.5
M1-0,41.161753,-8.652032,92,1884.5
M1-0,41.161649,-8.651422,93,1936.9
M1-0,41.161642,-8.651373,94,1941.1
M1-0,41.161615,-8.651213,95,1954.8
M1-0,41.161590,-8.651066,96,1967.4
M1-0,41.161484,-8.650432,97,2021.9
M1-0,41.161403,-8.649950,98,2063.2
M1-0,41.161389,-8.649866,99,2070.4
M1-0,41.161372,-8.649763,100,2079.3
M1-0,41.161221,-8.648870,101,2156.0
M1-0,41.161048,-8.647839,102,2244.5
M1-0,41.161042,-8.647799,103,2247.9
M1-0,41.161038,-8.647774,104,2250.1
M1-0,41.160981,-8.647436,105,2279.1
M1-0,41.160864,-8.646738,106,2339.0
M1-0,41.160849,-8.646648,107,2346.8
M1-0,41.160838,-8.646586,108,2352.1
M1-0,41.160829,-8.646533,109,2356.7
M1-0,41.160814,-8.646443,110,2364.4
M1-0,41.160801,-8.646365,111,2371.1
M1-0,41.160659,-8.645521,112,2443.5
M1-0,41.160635,-8.645186,113,2471.7
M1-0,41.160552,-8.644710,114,2512.7
M1-0,41.160543,-8.644654,115,2517.5
M1-0,41.160443,-8.644345,116,2545.8
M1-0,41.160413,-8.644159,117,2561.7
M1-0,41.160372,-8.643915,118,2582.6
M1-0,41.160370,-8.643906,119,2583.4
M1-0,41.160361,-8.643850,120,2588.2
M1-0,41.160353,-8.643806,121,2592.0
M1-0,41.160345,-8.643752,122,2596.6
M1-0,41.160112,-8.642338,123,2717.9
M1-0,41.160103,-8.642287,124,2722.3
M1-0,41.160092,-8.642221,125,2728.0
M1-0,41.160049,-8.641972,126,2749.4
M1-0,41.159973,-8.641495,127,2790.2
M1-0,41.159952,-8.641356,128,2802.1
M1-0,41.159868,-8.640835,129,2846.8
M1-0,41.159860,-8.640788,130,2850.8
M1-0,41.159855,-8.640761,131,2853.2
M1-0,41.159827,-8.640594,132,2867.5
M1-0,41.159809,-8.640483,133,2877.0
M1-0,41.159512,-8.638686,134,3031.2
M1-0,41.159464,-8.638397,135,3056.0
M1-0,41.159456,-8.638348,136,3060.2
M1-0,41.159451,-8.638315,137,3063.0
M1-0,41.159434,-8.638215,138,3071.6
M1-0,41.159404,-8.638035,139,3087.1
M1-0,41.159281,-8.637292,140,3150.8
M1-0,41.159281,-8.637091,141,3167.7
M1-0,41.159273,-8.637044,142,3171.7
M1-0,41.159267,-8.637007,143,3174.9
M1-0,41.159191,-8.636564,144,3213.0
M1-0,41.159116,-8.636291,145,3237.4
M1-0,41.159080,-8.636074,146,3256.0
M1-0,41.159071,-8.636020,147,3260.6
M1-0,41.159028,-8.635763,148,3282.6
M1-0,41.158987,-8.635510,149,3304.3
M1-0,41.158976,-8.635448,150,3309.6
M1-0,41.158635,-8.633378,151,3487.2
M1-0,41.158616,-8.633264,152,3497.1
M1-0,41.158613,-8.633241,153,3499.0
M1-0,41.158577,-8.633029,154,3517.3
M1-0,41.158569,-8.632976,155,3521.7
M1-0,41.158543,-8.632813,156,3535.7
M1-0,41.158326,-8.631444,157,3653.0
M1-0,41.158290,-8.631066,158,3684.9
M1-0,41.158211,-8.630618,159,3723.5
M1-0,41.158203,-8.630568,160,3727.8
M1-0,41.158192,-8.630497,161,3733.8
M1-0,41.158190,-8.630450,162,3737.8
M1-0,41.158205,-8.630399,163,3742.4
M1-0,41.158231,-8.630360,164,3746.7
M1-1,41.158032,-8.630425,1,0.0
M1-1,41.158068,-8.630437,2,4.2
M1-1,41.158102,-8.630478,3,9.2
M1-1,41.158125,-8.630531,4,14.3
M1-1,41.158137,-8.630587,5,19.3
M1-1,41.158149,-8.630637,6,23.6
M1-1,41.158223,-8.631087,7,62.2
M1-1,41.158326,-8.631444,8,94.3
M1-1,41.158543,-8.632813,9,211.6
M1-1,41.158569,-8.632976,10,225.5
M1-1,41.158577,-8.633029,11,230.0
M1-1,41.158613,-8.633241,12,248.3
M1-1,41.158616,-8.633264,13,250.2
M1-1,41.158635,-8.633378,14,260.0
M1-1,41.158976,-8.635448,15,437.6
M1-1,41.158987,-8.635510,16,442.9
M1-1,41.159028,-8.635763,17,464.7
M1-1,41.159071,-8.636020,18,486.7
M1-1,41.159080,-8.636074,19,491.3
M1-1,41.159116,-8.636291,20,509.9
M1-1,41.159124,-8.636582,21,534.3
M1-1,41.159204,-8.637063,22,575.6
M1-1,41.159209,-8.637097,23,578.5
M1-1,41.159281,-8.637292,24,596.7
M1-1,41.159404,-8.638035,25,660.5
M1-1,41.159434,-8.638215,26,676.0
M1-1,41.159451,-8.638315,27,684.6
M1-1,41.159456,-8.638348,28,687.4
M1-1,41.159464,-8.638397,29,691.6
M1-1,41.159512,-8.638686,30,716.4
M1-1,41.159809,-8.640483,31,870.6
M1-1,41.159827,-8.640594,32,880.1
M1-1,41.159855,-8.640761,33,894.4
M1-1,41.159860,-8.640788,34,896.7
M1-1,41.159868,-8.640835,35,900.8
M1-1,41.159952,-8.641356,36,945.5
M1-1,41.159973,-8.641495,37,957.3
M1-1,41.160049,-8.641972,38,998.2
M1-1,41.160092,-8.642221,39,1019.6
M1-1,41.160103,-8.642287,40,1025.2
M1-1,41.160112,-8.642338,41,1029.7
M1-1,41.160345,-8.643752,42,1151.0
M1-1,41.160353,-8.643806,43,1155.6
M1-1,41.160361,-8.643850,44,1159.4
M1-1,41.160370,-8.643906,45,1164.2
M1-1,41.160372,-8.643915,46,1165.0
M1-1,41.160413,-8.644159,47,1185.9
M1-1,41.160443,-8.644345,48,1201.8
M1-1,41.160468,-8.644599,49,1223.3
M1-1,41.160483,-8.644729,50,1234.3
M1-1,41.160494,-8.644786,51,1239.2
M1-1,41.160559,-8.645188,52,1273.7
M1-1,41.160659,-8.645521,53,1303.8
M1-1,41.160801,-8.646365,54,1376.3
M1-1,41.160814,-8.646443,55,1383.0
M1-1,41.160829,-8.646533,56,1390.7
M1-1,41.160838,-8.646586,57,1395.2
M1-1,41.160849,-8.646648,58,1400.6
M1-1,41.160864,-8.646738,59,1408.3
M1-1,41.160981,-8.647436,60,1468.2
M1-1,41.161038,-8.647774,61,1497.3
M1-1,41.161042,-8.647799,62,1499.4
M1-1,41.161048,-8.647839,63,1502.8
M1-1,41.161221,-8.648870,64,1591.4
M1-1,41.161372,-8.649763,65,1668.1
M1-1,41.161389,-8.649866,66,1676.9
M1-1,41.161403,-8.649950,67,1684.1
M1-1,41.161484,-8.650432,68,1725.5
M1-1,41.161590,-8.651066,69,1779.9
M1-1,41.161615,-8.651213,70,1792.6
M1-1,41.161642,-8.651373,71,1806.3
M1-1,41.161649,-8.651422,72,1810.4
M1-1,41.161753,-8.652032,73,1862.9
M1-1,41.161786,-8.652230,74,1879.8
M1-1,41.161806,-8.652599,75,1910.9
M1-1,41.161817,-8.652663,76,1916.4
M1-1,41.161827,-8.652716,77,1921.0
M1-1,41.161908,-8.653188,78,1961.5
M1-1,41.162002,-8.653537,79,1992.6
M1-1,41.162185,-8.654616,80,2085.2
M1-1,41.162292,-8.655253,81,2140.0
M1-1,41.162313,-8.655378,82,2150.7
M1-1,41.162333,-8.655499,83,2161.1
M1-1,41.162291,-8.655580,84,2169.3
M1-1,41.162235,-8.655688,85,2180.3
M1-1,41.162200,-8.655752,86,2186.9
M1-1,41.161885,-8.656363,87,2249.0
M1-1,41.161849,-8.656433,88,2256.1
M1-1,41.161805,-8.656485,89,2262.7
M1-1,41.161750,-8.656548,90,2270.7
M1-1,41.161719,-8.656584,91,2275.3
M1-1,41.161688,-8.656620,92,2279.9
M1-1,41.161508,-8.656830,93,2306.6
M1-1,41.161145,-8.657528,94,2377.7
M1-1,41.160915,-8.657972,95,2422.9
M1-1,41.160808,-8.658177,96,2443.7
M1-1,41.160747,-8.658302,97,2456.2
M1-1,41.160689,-8.658443,98,2469.7
M1-1,41.160668,-8.658496,99,2474.7
M1-1,41.160198,-8.659693,100,2587.8
M1-1,41.160179,-8.659743,101,2592.5
M1-1,41.160112,-8.659912,102,2608.6
M1-1,41.160036,-8.660107,103,2627.0
M1-1,41.160007,-8.660182,104,2634.0
M1-1,41.159981,-8.660249,105,2640.4
M1-1,41.159962,-8.660295,106,2644.7
M1-1,41.159485,-8.661506,107,2759.2
M1-1,41.159116,-8.662447,108,2848.2
M1-1,41.159081,-8.662540,109,2856.9
M1-1,41.159060,-8.662592,110,2861.9
M1-1,41.158754,-8.663365,111,2935.1
M1-1,41.158718,-8.663458,112,2943.8
M1-1,41.158699,-8.663507,113,2948.4
M1-1,41.158603,-8.663750,114,2971.5
M1-1,41.158252,-8.664636,115,3055.4
M1-1,41.158226,-8.664702,116,3061.6
M1-1,41.158214,-8.664733,117,3064.5
M1-1,41.158205,-8.664758,118,3066.8
M1-1,41.158153,-8.664891,119,3079.4
M1-1,41.157972,-8.665356,120,3123.3
M1-1,41.157938,-8.665443,121,3131.5
M1-1,41.157925,-8.665477,122,3134.7
M1-1,41.157446,-8.666692,123,3249.7
M1-1,41.157399,-8.666814,124,3261.2
M1-1,41.157365,-8.666899,125,3269.2
M1-1,41.157347,-8.666945,126,3273.5
M1-1,41.157245,-8.667203,127,3298.0
M1-1,41.157231,-8.667240,128,3301.4
M1-1,41.157212,-8.667288,129,3306.0
M1-1,41.156519,-8.669054,130,3472.9
M1-1,41.156475,-8.669165,131,3483.4
M1-1,41.156430,-8.669280,132,3494.3
M1-1,41.156412,-8.669324,133,3498.5
M1-1,41.156235,-8.669777,134,3541.3
M1-1,41.155869,-8.670702,135,3628.8
M1-1,41.155818,-8.670834,136,3641.3
M1-1,41.155780,-8.670930,137,3650.3
M1-1,41.155773,-8.670950,138,3652.2
M1-1,41.155610,-8.671366,139,3691.5
M1-1,41.155501,-8.671650,140,3718.3
M1-1,41.155375,-8.671971,141,3748.6
